0.0 0.44
0.0176 1.9740000000000002
0.09392000000000002 3.277196
0.21091984000000003 4.3818598
1.195282768 1.5464855104
1.077849773216 2.8667013731199997
1.0308403621584 3.99358217622336
-0.8321632933863935 2.7156813620655713
-0.5987115448958116 3.9416156894911913
-1.144562388246872 2.3294517963620254
-0.8796999581553602 3.6258165224375962
-0.6027123035345523 4.7171320423981715
-0.3236201763084426 5.633670728179828
-1.5294784245884439 2.7649749196486204
-1.1894576641142323 4.011407818684866
-0.8505827017497027 5.057274952446706
-0.5207042983893791 5.9327070176496886
-0.20529037292498473 6.663629136937811
0.09204834849127544 7.272296381314138
0.3691329514701497 7.777769990177367
0.6248738083567219 8.196339173591957
0.8589963040468919 8.541893345218895
-2.0490930089475343 3.6767856858789423
-1.5946576301702464 4.8072315533550025
-1.1631697235105094 5.749933125558561
0.0 0.9199893000893699
0.036799572003574796 2.3819909050759644
0.12655927240607717 3.6232202864344267
0.2525041930025427 4.67467487257302
1.2710333353700642 1.6275730595981857
1.145481257448482 2.9325957672436553
0.6493046262109513 1.4416481110750825
0.3062657771693804 0.9548147494728672
0.29851850057288803 2.3993419059651617
0.3497144017255613 3.627499880047472
0.44235723666862603 4.669386321971329
0.5627791040471852 5.551284084208884
-1.3307780410848729 2.950721692456807
-1.0131324672238695 4.161344560231681
-0.6947088147310219 5.177668174885884
-0.3833957655259332 6.028806301242241
-0.08473414864735357 6.7398211866769415
0.19756882111682716 7.332237374621295
0.4612229929341549 7.824499015583427
-1.9421251454648603 3.4274710718032098
-1.5137075307730028 4.591035416851323
-1.1030099844829993 5.562928405554544
-0.7150413505883675 6.372609544100683
-0.35288076623608494 7.045319766509115
-1.902359292539587 3.068807772397706
-1.4942530877627405 4.284580978239633
-1.4128416718948527 2.1989296050272893
-1.1129582369095332 3.52560383114899
-0.8049903481271435 4.641281585953022
-0.4985905324699511 5.577288961985155
-0.2007103941200522 6.360639238986179
0.0838217345574028 7.014571768903055
0.3518313451299146 7.5590331341853005
0.6014179687278394 8.011104910252309
0.8316494698287558 8.385382454965349
1.0423173475530563 8.694309107927396
1.2337421097371937 8.948470047836164
1.4066195951900613 9.156849856271252
1.5619006501624022 9.327057594022962
1.7006978563989603 9.465522928913021
1.8242140950956371 9.577666575320109
1.933688643844096 9.668048025218265
2.030357268276212 9.74049327568176
2.422784526949462 3.3056112759154375
2.19159129894366 4.312858203450143
2.035366932240117 5.178265820974875
1.9371925252430944 5.920111270539039
1.8834180972781915 6.554606878948459
1.8630896578444012 7.096079123215063
1.8674693740963435 7.557143668419027
1.889634714718653 7.94887334319232
-1.6887801262862725 3.7833681198876006
-1.2841283825478276 4.883414106955911
-0.896172560887417 5.802267126214437
-0.529655991705727 6.567773959717767
-0.18749663456115717 7.203794105428331
0.12877962484014965 7.730724854996527
0.4186916753139883 8.165964941753442
0.6825265216870278 8.524322533477866
0.9211204447730883 8.818373092588704
1.1356873017606732 9.058772310909475
1.3276850989329512 9.254528972202626
1.4987134929811134 9.413242222414913
1.6504361579305429 9.541307349333431
1.7845230282142988 9.644093800616194
1.9026083260068016 9.726098809395191
-2.1482640252413896 4.177341653048506
-1.6589307553332409 5.236670966100886
-1.2006243033892192 6.117527551399082
-0.7758295558248731 6.847923390824787
-0.3855381868181506 7.451768064434065
2.144325786064261 2.1281844068914566
1.9078042944302802 3.3231837144151677
0.644320795871705 1.733593208011513
0.6170164048114097 3.047781394974918
